[gd_resource type="SkeletonProfile" format=3 uid="uid://cgx5f1d6h5ht4"]

[resource]
group_size = 1
bone_size = 113
groups/0/group_name = &"ALL"
bones/0/bone_name = &"ROOT"
bones/0/bone_parent = &""
bones/0/tail_direction = 0
bones/0/reference_pose = Transform3D(1, 0, 0, 0, 1, 0, 0, 0, 1, 0, 0, 0)
bones/0/handle_offset = Vector2(0.5, 0.95)
bones/0/group = &"ALL"
bones/0/require = false
bones/1/bone_name = &"HIPS"
bones/1/bone_parent = &"ROOT"
bones/1/tail_direction = 0
bones/1/reference_pose = Transform3D(1, 0, 0, 0, 1, 0, 0, 0, 1, 0, 0.8794294, 0.0043275403)
bones/1/handle_offset = Vector2(0.5, 0.43723762)
bones/1/group = &"ALL"
bones/1/require = false
bones/2/bone_name = &"WAIST"
bones/2/bone_parent = &"HIPS"
bones/2/tail_direction = 0
bones/2/reference_pose = Transform3D(1, 0, 0, 0, 1, 0, 0, 0, 1, -5.676672e-32, 0.050299555, 0.011657031)
bones/2/handle_offset = Vector2(0.5, 0.40790984)
bones/2/group = &"ALL"
bones/2/require = false
bones/3/bone_name = &"CHEST"
bones/3/bone_parent = &"WAIST"
bones/3/tail_direction = 0
bones/3/reference_pose = Transform3D(1, 0, 0, 0, 1, 0, 0, 0, 1, 1.92278e-17, 0.10298943, 0.003043754)
bones/3/handle_offset = Vector2(0.5, 0.34786054)
bones/3/group = &"ALL"
bones/3/require = false
bones/4/bone_name = &"UPPER_CHEST"
bones/4/bone_parent = &"CHEST"
bones/4/tail_direction = 0
bones/4/reference_pose = Transform3D(1, 0, 0, 0, 1, 0, 0, 0, 1, -2.7753375e-17, 0.09781782, -0.013286192)
bones/4/handle_offset = Vector2(0.5, 0.29082668)
bones/4/group = &"ALL"
bones/4/require = false
bones/5/bone_name = &"LEFT_BUST_1"
bones/5/bone_parent = &"UPPER_CHEST"
bones/5/tail_direction = 0
bones/5/reference_pose = Transform3D(0.8906085, -0.085506886, 0.44665977, -0.047433935, 0.95934147, 0.27823278, -0.45229003, -0.26898333, 0.85034186, 0.045558576, -0.006478252, 0.061580583)
bones/5/handle_offset = Vector2(0.5265635, 0.29460394)
bones/5/group = &"ALL"
bones/5/require = false
bones/6/bone_name = &"LEFT_BUST_2"
bones/6/bone_parent = &"LEFT_BUST_1"
bones/6/tail_direction = 0
bones/6/reference_pose = Transform3D(1, 7.450581e-09, 5.9604645e-08, -2.9802322e-08, 1, -2.9802322e-08, -2.9802322e-08, 2.9802322e-08, 1.0000002, -0.0008530829, 8.201804e-05, 0.041721437)
bones/6/handle_offset = Vector2(0.53698194, 0.2877661)
bones/6/group = &"ALL"
bones/6/require = false
bones/7/bone_name = &"RIGHT_BUST_1"
bones/7/bone_parent = &"UPPER_CHEST"
bones/7/tail_direction = 0
bones/7/reference_pose = Transform3D(0.8906085, 0.085506886, -0.44665977, 0.047433935, 0.95934147, 0.27823278, 0.45229003, -0.26898333, 0.85034186, -0.045558576, -0.006478252, 0.061580583)
bones/7/handle_offset = Vector2(0.4734365, 0.29460394)
bones/7/group = &"ALL"
bones/7/require = false
bones/8/bone_name = &"RIGHT_BUST_2"
bones/8/bone_parent = &"RIGHT_BUST_1"
bones/8/tail_direction = 0
bones/8/reference_pose = Transform3D(1, -7.450581e-09, -5.9604645e-08, 2.9802322e-08, 1, -2.9802322e-08, 2.9802322e-08, 2.9802322e-08, 1.0000002, 0.0008530829, 8.201804e-05, 0.041721437)
bones/8/handle_offset = Vector2(0.46301803, 0.2877661)
bones/8/group = &"ALL"
bones/8/require = false
bones/9/bone_name = &"NECK"
bones/9/bone_parent = &"UPPER_CHEST"
bones/9/tail_direction = 0
bones/9/reference_pose = Transform3D(1, 0, 0, 0, 1, 0, 0, 0, 1, -8.7099816e-17, 0.11809825, -0.034241937)
bones/9/handle_offset = Vector2(0.5, 0.221968)
bones/9/group = &"ALL"
bones/9/require = false
bones/10/bone_name = &"HEAD"
bones/10/bone_parent = &"NECK"
bones/10/tail_direction = 0
bones/10/reference_pose = Transform3D(1, 0, 0, 0, 1, 0, 0, 0, 1, -2.171457e-08, 0.06964094, 0.008739966)
bones/10/handle_offset = Vector2(0.5, 0.18136293)
bones/10/group = &"ALL"
bones/10/require = false
bones/11/bone_name = &"LEFT_EYE"
bones/11/bone_parent = &"HEAD"
bones/11/tail_direction = 0
bones/11/reference_pose = Transform3D(1, 0, 0, 0, 0, -1, 0, 1, 0, 0.014960596, 0.058934905, 0.022686686)
bones/11/handle_offset = Vector2(0.50872296, 0.1470002)
bones/11/group = &"ALL"
bones/11/require = false
bones/12/bone_name = &"RIGHT_EYE"
bones/12/bone_parent = &"HEAD"
bones/12/tail_direction = 0
bones/12/reference_pose = Transform3D(1, 0, 0, 0, 0, -1, 0, 1, 0, -0.014960581, 0.058934905, 0.022686718)
bones/12/handle_offset = Vector2(0.49127704, 0.1470002)
bones/12/group = &"ALL"
bones/12/require = false
bones/13/bone_name = &"HAIR_1_1"
bones/13/bone_parent = &"HEAD"
bones/13/tail_direction = 0
bones/13/reference_pose = Transform3D(-0.99979705, 0.020162312, 5.3680355e-07, -0.01998622, -0.9910686, 0.13184766, 0.002658886, 0.13182092, 0.99126995, -0.0017081482, 0.11556055, 0.100182414)
bones/13/handle_offset = Vector2(0.49900404, 0.11398393)
bones/13/group = &"ALL"
bones/13/require = false
bones/14/bone_name = &"HAIR_1_2"
bones/14/bone_parent = &"HAIR_1_1"
bones/14/tail_direction = 0
bones/14/reference_pose = Transform3D(1.0000002, 2.73576e-09, -1.1641532e-09, -8.731149e-10, 1, 0, 9.313226e-10, -1.4901161e-08, 0.99999994, 0.000108433895, 0.046689983, -1.3914953e-09)
bones/14/handle_offset = Vector2(0.4994897, 0.14096522)
bones/14/group = &"ALL"
bones/14/require = false
bones/15/bone_name = &"HAIR_2_1"
bones/15/bone_parent = &"HEAD"
bones/15/tail_direction = 0
bones/15/reference_pose = Transform3D(-0.9968121, -0.079782926, 3.4999408e-07, 0.07978148, -0.99679446, 0.005936644, -0.0004732965, 0.005917779, 0.999982, 0.062196143, 0.09392529, 0.08708072)
bones/15/handle_offset = Vector2(0.53626424, 0.12659866)
bones/15/group = &"ALL"
bones/15/require = false
bones/16/bone_name = &"HAIR_2_2"
bones/16/bone_parent = &"HAIR_2_1"
bones/16/tail_direction = 0
bones/16/reference_pose = Transform3D(0.99912244, 0.041741807, -0.0035663957, -0.041541863, 0.9981427, 0.044556797, 0.005419653, -0.044369508, 0.9990007, -0.0005658339, 0.06169308, 2.2236764e-08)
bones/16/handle_offset = Vector2(0.53372324, 0.1624806)
bones/16/group = &"ALL"
bones/16/require = false
bones/17/bone_name = &"HAIR_2_3"
bones/17/bone_parent = &"HAIR_2_2"
bones/17/tail_direction = 0
bones/17/reference_pose = Transform3D(0.9999996, -1.8582796e-08, 4.1909516e-09, 1.8713763e-08, 0.99999994, -1.4901161e-08, -3.7252903e-09, 1.4901161e-08, 0.9999998, -0.00085835846, 0.061782718, 4.1856074e-09)
bones/17/handle_offset = Vector2(0.52985245, 0.19827178)
bones/17/group = &"ALL"
bones/17/require = false
bones/18/bone_name = &"HAIR_3_1"
bones/18/bone_parent = &"HEAD"
bones/18/tail_direction = 0
bones/18/reference_pose = Transform3D(-0.9871421, 0.15984707, 4.291671e-07, -0.15977624, -0.98670506, 0.02975095, 0.0047560297, 0.029368386, 0.99955714, -0.07175721, 0.090562336, 0.07789178)
bones/18/handle_offset = Vector2(0.45816106, 0.12855941)
bones/18/group = &"ALL"
bones/18/require = false
bones/19/bone_name = &"HAIR_3_2"
bones/19/bone_parent = &"HAIR_3_1"
bones/19/tail_direction = 0
bones/19/reference_pose = Transform3D(0.99721223, -0.07406003, 0.00909952, 0.07343611, 0.99571544, 0.05619452, -0.013222301, -0.05536963, 0.99837834, 0.0011417709, 0.0626055, 1.4900627e-08)
bones/19/handle_offset = Vector2(0.46333876, 0.1646834)
bones/19/group = &"ALL"
bones/19/require = false
bones/20/bone_name = &"HAIR_3_3"
bones/20/bone_parent = &"HAIR_3_2"
bones/20/tail_direction = 0
bones/20/reference_pose = Transform3D(0.99999994, -1.6822014e-08, -6.519258e-09, -1.9790605e-09, 1, -3.7252903e-09, 6.519258e-09, 3.7252903e-09, 0.9999999, 0.00164178, 0.06267047, -3.678291e-08)
bones/20/handle_offset = Vector2(0.47089502, 0.20043397)
bones/20/group = &"ALL"
bones/20/require = false
bones/21/bone_name = &"HAIR_4_1"
bones/21/bone_parent = &"HEAD"
bones/21/tail_direction = 0
bones/21/reference_pose = Transform3D(-0.8810547, 0.47301474, 3.0121254e-07, -0.43442613, -0.80917805, -0.39560676, -0.18712756, -0.34855136, 0.9184198, 0.10594505, 0.07745865, -0.11542651)
bones/21/handle_offset = Vector2(0.5617726, 0.13619971)
bones/21/group = &"ALL"
bones/21/require = false
bones/22/bone_name = &"HAIR_4_2"
bones/22/bone_parent = &"HAIR_4_1"
bones/22/tail_direction = 0
bones/22/reference_pose = Transform3D(0.97266465, -0.16346751, 0.16493, 0.106832534, 0.945628, 0.30720437, -0.20618029, -0.28118694, 0.93724257, 0.0036040545, 0.07310569, 0)
bones/22/handle_offset = Vector2(0.5800835, 0.17160395)
bones/22/group = &"ALL"
bones/22/require = false
bones/23/bone_name = &"HAIR_4_3"
bones/23/bone_parent = &"HAIR_4_2"
bones/23/tail_direction = 0
bones/23/reference_pose = Transform3D(0.7852877, 0.5319058, -0.31685823, -0.6187408, 0.65606755, -0.4321285, -0.021971226, 0.53539824, 0.84431404, 0.0042034974, 0.07341075, 1.2345964e-07)
bones/23/handle_offset = Vector2(0.6034173, 0.19760263)
bones/23/group = &"ALL"
bones/23/require = false
bones/24/bone_name = &"HAIR_4_4"
bones/24/bone_parent = &"HAIR_4_3"
bones/24/tail_direction = 0
bones/24/reference_pose = Transform3D(1.0000001, 1.3853423e-08, -4.656613e-09, -1.8510036e-08, 0.99999994, 2.2351742e-07, 9.313226e-10, -1.7881393e-07, 0.99999994, -0.0003200447, 0.06779481, -8.938551e-08)
bones/24/handle_offset = Vector2(0.60198295, 0.23633868)
bones/24/group = &"ALL"
bones/24/require = false
bones/25/bone_name = &"JHAIR_5_1"
bones/25/bone_parent = &"HEAD"
bones/25/tail_direction = 0
bones/25/reference_pose = Transform3D(-0.99891984, 0.04647765, 3.556233e-07, -0.04528335, -0.97324973, -0.22524396, -0.0104684625, -0.22500066, 0.97430223, 0.026174558, 0.0039482224, -0.1288133)
bones/25/handle_offset = Vector2(0.5152614, 0.17906088)
bones/25/group = &"ALL"
bones/25/require = false
bones/26/bone_name = &"HAIR_5_2"
bones/26/bone_parent = &"HAIR_5_1"
bones/26/tail_direction = 0
bones/26/reference_pose = Transform3D(0.9996368, 0.026936095, -0.00011020899, -0.026936281, 0.999634, -0.0023672879, 4.6403613e-05, 0.0023694038, 0.99999714, 0.0006157611, 0.11506593, -8.769235e-08)
bones/26/handle_offset = Vector2(0.518021, 0.24437308)
bones/26/group = &"ALL"
bones/26/require = false
bones/27/bone_name = &"HAIR_5_3"
bones/27/bone_parent = &"HAIR_5_2"
bones/27/tail_direction = 0
bones/27/reference_pose = Transform3D(0.99908966, 0.042655364, -7.333141e-05, -0.04265532, 0.999083, -0.0037488937, -8.664699e-05, 0.0037486255, 0.99999285, 0.00025928413, 0.115083456, 3.108837e-08)
bones/27/handle_offset = Vector2(0.5191819, 0.3097756)
bones/27/group = &"ALL"
bones/27/require = false
bones/28/bone_name = &"HAIR_5_4"
bones/28/bone_parent = &"HAIR_5_3"
bones/28/tail_direction = 0
bones/28/reference_pose = Transform3D(0.99967825, 0.02536809, 5.1686075e-05, -0.02536792, 0.9996755, -0.002231121, -0.00010826904, 0.0022290647, 0.9999979, -0.00030650443, 0.115082085, -2.8488852e-08)
bones/28/handle_offset = Vector2(0.51780975, 0.37522912)
bones/28/group = &"ALL"
bones/28/require = false
bones/29/bone_name = &"HAIR_5_5"
bones/29/bone_parent = &"HAIR_5_4"
bones/29/tail_direction = 0
bones/29/reference_pose = Transform3D(0.9999997, 1.6298145e-09, 2.7939677e-09, 2.561137e-09, 1, 0, 9.313226e-10, 2.9802322e-08, 1.0000001, -0.00064213725, 0.11506366, 1.5107474e-07)
bones/29/handle_offset = Vector2(0.5149322, 0.4406591)
bones/29/group = &"ALL"
bones/29/require = false
bones/30/bone_name = &"HAIR_5_6"
bones/30/bone_parent = &"HAIR_5_5"
bones/30/tail_direction = 0
bones/30/reference_pose = Transform3D(1.0000001, -1.8626451e-09, -3.7252903e-09, -1.6298145e-09, 0.99999994, -1.4901161e-08, -9.313226e-10, -1.4901161e-08, 0.9999999, -0.0006390092, 0.115064375, -1.1885955e-07)
bones/30/handle_offset = Vector2(0.51205283, 0.5060893)
bones/30/group = &"ALL"
bones/30/require = false
bones/31/bone_name = &"HAIR_6_1"
bones/31/bone_parent = &"HEAD"
bones/31/tail_direction = 0
bones/31/reference_pose = Transform3D(-0.9037971, -0.42796198, 3.0690666e-07, 0.39833456, -0.84122884, -0.36560073, 0.15646343, -0.33042884, 0.9307715, -0.10522294, 0.08513664, -0.11451081)
bones/31/handle_offset = Vector2(0.43864843, 0.13172296)
bones/31/group = &"ALL"
bones/31/require = false
bones/32/bone_name = &"HAIR_6_2"
bones/32/bone_parent = &"HAIR_6_1"
bones/32/tail_direction = 0
bones/32/reference_pose = Transform3D(0.9568519, 0.24231413, -0.16036841, -0.17724694, 0.9240571, 0.3386765, 0.23025556, -0.29563835, 0.92713594, -0.0034344825, 0.0754292, -1.2140607e-07)
bones/32/handle_offset = Vector2(0.42163658, 0.16951779)
bones/32/group = &"ALL"
bones/32/require = false
bones/33/bone_name = &"HAIR_6_3"
bones/33/bone_parent = &"HAIR_6_2"
bones/33/tail_direction = 0
bones/33/reference_pose = Transform3D(0.7775961, -0.5458151, 0.31213886, 0.6286729, 0.66644716, -0.40077287, 0.010723852, 0.507873, 0.861365, -0.0043675913, 0.0747708, 3.254108e-10)
bones/33/handle_offset = Vector2(0.39685744, 0.19562274)
bones/33/group = &"ALL"
bones/33/require = false
bones/34/bone_name = &"HAIR_6_4"
bones/34/bone_parent = &"HAIR_6_3"
bones/34/tail_direction = 0
bones/34/reference_pose = Transform3D(0.99999994, 2.173474e-07, -7.21775e-08, -1.8195715e-07, 1, 2.9802322e-08, 7.171184e-08, -2.9802322e-08, 1.0000002, 0.00017490292, 0.07191159, 2.6821266e-07)
bones/34/handle_offset = Vector2(0.39764062, 0.23648289)
bones/34/group = &"ALL"
bones/34/require = false
bones/35/bone_name = &"HAIR_7_1"
bones/35/bone_parent = &"HEAD"
bones/35/tail_direction = 0
bones/35/reference_pose = Transform3D(0.96285427, 0.2700212, 2.860772e-07, -0.20182574, 0.7196792, 0.6643251, 0.17938165, -0.6396485, 0.74744356, 0.0877763, 0.17842624, -0.08552905)
bones/35/handle_offset = Vector2(0.55117905, 0.07732925)
bones/35/group = &"ALL"
bones/35/require = false
bones/36/bone_name = &"HAIR_7_2"
bones/36/bone_parent = &"HAIR_7_1"
bones/36/tail_direction = 0
bones/36/reference_pose = Transform3D(0.98598784, -0.16632451, -0.012823254, 0.16674241, 0.9849396, 0.045725673, 0.0050248355, -0.04722315, 0.9988717, -0.0009738787, 0.03223324, -2.3745793e-07)
bones/36/handle_offset = Vector2(0.5557071, 0.06368908)
bones/36/group = &"ALL"
bones/36/require = false
bones/37/bone_name = &"HAIR_7_3"
bones/37/bone_parent = &"HAIR_7_2"
bones/37/tail_direction = 0
bones/37/reference_pose = Transform3D(1.0000004, -1.8626451e-08, 1.4901161e-08, 2.9802322e-08, 1, 2.9802322e-08, -7.450581e-09, 5.9604645e-08, 1.0000002, -0.00040039336, 0.032976627, -5.6407618e-08)
bones/37/handle_offset = Vector2(0.55750936, 0.050000012)
bones/37/group = &"ALL"
bones/37/require = false
bones/38/bone_name = &"HAIR_8_1"
bones/38/bone_parent = &"HEAD"
bones/38/tail_direction = 0
bones/38/reference_pose = Transform3D(0.946436, -0.3228911, 2.0543939e-07, 0.23766886, 0.696639, 0.67690986, -0.21856834, -0.64065194, 0.73606557, -0.08226407, 0.17590757, -0.082188815)
bones/38/handle_offset = Vector2(0.4520349, 0.07879779)
bones/38/group = &"ALL"
bones/38/require = false
bones/39/bone_name = &"HAIR_8_2"
bones/39/bone_parent = &"HAIR_8_1"
bones/39/tail_direction = 0
bones/39/reference_pose = Transform3D(0.9937088, 0.11198932, -0.0012370646, -0.111993104, 0.99370277, -0.003625989, 0.0008231774, 0.0037417114, 0.9999927, 0.001213343, 0.034041647, -1.202238e-07)
bones/39/handle_offset = Vector2(0.44629556, 0.06480253)
bones/39/group = &"ALL"
bones/39/require = false
bones/40/bone_name = &"HAIR_8_3"
bones/40/bone_parent = &"HAIR_8_2"
bones/40/tail_direction = 0
bones/40/reference_pose = Transform3D(0.99999994, -1.4901161e-08, 0, 2.2351742e-08, 0.9999999, -8.940697e-08, 2.9802322e-08, 1.1920929e-07, 1, 0.000836716, 0.034416914, 1.1939093e-07)
bones/40/handle_offset = Vector2(0.44246024, 0.050248563)
bones/40/group = &"ALL"
bones/40/require = false
bones/41/bone_name = &"LEFT_SHOULDER"
bones/41/bone_parent = &"UPPER_CHEST"
bones/41/tail_direction = 0
bones/41/reference_pose = Transform3D(0, 1, 0, 0, 0, 1, 1, 0, 0, 0.019856453, 0.094349645, -0.026754234)
bones/41/handle_offset = Vector2(0.51157755, 0.23581496)
bones/41/group = &"ALL"
bones/41/require = false
bones/42/bone_name = &"LEFT_UPPER_ARM"
bones/42/bone_parent = &"LEFT_SHOULDER"
bones/42/tail_direction = 0
bones/42/reference_pose = Transform3D(-1, 0, 0, 0, 1, 0, 0, 0, -1, -3.655812e-08, 0.0610706, -0.008749766)
bones/42/handle_offset = Vector2(0.54718554, 0.24091655)
bones/42/group = &"ALL"
bones/42/require = false
bones/43/bone_name = &"LEFT_LOWER_ARM"
bones/43/bone_parent = &"LEFT_UPPER_ARM"
bones/43/tail_direction = 0
bones/43/reference_pose = Transform3D(0, 0, -1, 0, 1, 0, 1, 0, 0, -1.2822426e-08, 0.24530494, 1.2651992e-07)
bones/43/handle_offset = Vector2(0.6902137, 0.24091664)
bones/43/group = &"ALL"
bones/43/require = false
bones/44/bone_name = &"LEFT_HAND"
bones/44/bone_parent = &"LEFT_LOWER_ARM"
bones/44/tail_direction = 0
bones/44/reference_pose = Transform3D(0, 0, 1, 0, 1, 0, -1, 0, 0, 1.2411212e-07, 0.21935886, 1.4379191e-05)
bones/44/handle_offset = Vector2(0.81811357, 0.24091673)
bones/44/group = &"ALL"
bones/44/require = false
bones/45/bone_name = &"LEFT_INDEX_PROXIMAL"
bones/45/bone_parent = &"LEFT_HAND"
bones/45/tail_direction = 0
bones/45/reference_pose = Transform3D(1, 0, 0, 0, 1, 0, 0, 0, 1, -0.01657517, 0.054839194, -0.0062233196)
bones/45/handle_offset = Vector2(0.8500883, 0.23728812)
bones/45/group = &"ALL"
bones/45/require = false
bones/46/bone_name = &"LEFT_INDEX_INTERMEDIATE"
bones/46/bone_parent = &"LEFT_INDEX_PROXIMAL"
bones/46/tail_direction = 0
bones/46/reference_pose = Transform3D(1, 0, 0, 0, 1, 0, 0, 0, 1, 0.0005449162, 0.027856207, -7.702095e-10)
bones/46/handle_offset = Vector2(0.86633027, 0.23728812)
bones/46/group = &"ALL"
bones/46/require = false
bones/47/bone_name = &"LEFT_INDEX_DISTAL"
bones/47/bone_parent = &"LEFT_INDEX_INTERMEDIATE"
bones/47/tail_direction = 0
bones/47/reference_pose = Transform3D(1, 0, 0, 0, 1, 0, 0, 0, 1, 0.00066530315, 0.017133761, 0.0004985615)
bones/47/handle_offset = Vector2(0.87632024, 0.23757878)
bones/47/group = &"ALL"
bones/47/require = false
bones/48/bone_name = &"LEFT_LITTLE_PROXIMAL"
bones/48/bone_parent = &"LEFT_HAND"
bones/48/tail_direction = 0
bones/48/reference_pose = Transform3D(1, 0, 0, 0, 1, 0, 0, 0, 1, 0.024601754, 0.051169395, -0.006223319)
bones/48/handle_offset = Vector2(0.84794855, 0.23728812)
bones/48/group = &"ALL"
bones/48/require = false
bones/49/bone_name = &"LEFT_LITTLE_INTERMEDIATE"
bones/49/bone_parent = &"LEFT_LITTLE_PROXIMAL"
bones/49/tail_direction = 0
bones/49/reference_pose = Transform3D(1, 0, 0, 0, 1, 0, 0, 0, 1, -1.4849762e-08, 0.02633226, 5.885717e-10)
bones/49/handle_offset = Vector2(0.86330193, 0.23728812)
bones/49/group = &"ALL"
bones/49/require = false
bones/50/bone_name = &"LEFT_LITTLE_DISTAL"
bones/50/bone_parent = &"LEFT_LITTLE_INTERMEDIATE"
bones/50/tail_direction = 0
bones/50/reference_pose = Transform3D(1, 0, 0, 0, 1, 0, 0, 0, 1, 2.9622936e-11, 0.015176415, 3.3921935e-10)
bones/50/handle_offset = Vector2(0.8721507, 0.23728812)
bones/50/group = &"ALL"
bones/50/require = false
bones/51/bone_name = &"LEFT_MIDDLE_PROXIMAL"
bones/51/bone_parent = &"LEFT_HAND"
bones/51/tail_direction = 0
bones/51/reference_pose = Transform3D(1, 0, 0, 0, 1, 0, 0, 0, 1, -0.001726083, 0.05558622, -0.006223319)
bones/51/handle_offset = Vector2(0.8505238, 0.23728812)
bones/51/group = &"ALL"
bones/51/require = false
bones/52/bone_name = &"LEFT_MIDDLE_INTERMEDIATE"
bones/52/bone_parent = &"LEFT_MIDDLE_PROXIMAL"
bones/52/tail_direction = 0
bones/52/reference_pose = Transform3D(1, 0, 0, 0, 1, 0, 0, 0, 1, 6.057579e-11, 0.031034172, 6.9366785e-10)
bones/52/handle_offset = Vector2(0.8686187, 0.23728812)
bones/52/group = &"ALL"
bones/52/require = false
bones/53/bone_name = &"LEFT_MIDDLE_DISTAL"
bones/53/bone_parent = &"LEFT_MIDDLE_INTERMEDIATE"
bones/53/tail_direction = 0
bones/53/reference_pose = Transform3D(1, 0, 0, 0, 1, 0, 0, 0, 1, 3.737031e-11, 0.019145548, 4.2793638e-10)
bones/53/handle_offset = Vector2(0.8797818, 0.23728812)
bones/53/group = &"ALL"
bones/53/require = false
bones/54/bone_name = &"LEFT_RING_PROXIMAL"
bones/54/bone_parent = &"LEFT_HAND"
bones/54/tail_direction = 0
bones/54/reference_pose = Transform3D(1, 0, 0, 0, 1, 0, 0, 0, 1, 0.011457843, 0.05495304, -0.006223319)
bones/54/handle_offset = Vector2(0.85015464, 0.23728812)
bones/54/group = &"ALL"
bones/54/require = false
bones/55/bone_name = &"LEFT_RING_INTERMEDIATE"
bones/55/bone_parent = &"LEFT_RING_PROXIMAL"
bones/55/tail_direction = 0
bones/55/reference_pose = Transform3D(1, 0, 0, 0, 1, 0, 0, 0, 1, 3.7309093e-08, 0.02878803, 6.434632e-10)
bones/55/handle_offset = Vector2(0.8669399, 0.23728812)
bones/55/group = &"ALL"
bones/55/require = false
bones/56/bone_name = &"LEFT_RING_DISTAL"
bones/56/bone_parent = &"LEFT_RING_INTERMEDIATE"
bones/56/tail_direction = 0
bones/56/reference_pose = Transform3D(1, 0, 0, 0, 1, 0, 0, 0, 1, 3.242819e-11, 0.016613603, 3.7134298e-10)
bones/56/handle_offset = Vector2(0.8766267, 0.23728812)
bones/56/group = &"ALL"
bones/56/require = false
bones/57/bone_name = &"LEFT_THUMB_METACARPAL"
bones/57/bone_parent = &"LEFT_HAND"
bones/57/tail_direction = 0
bones/57/reference_pose = Transform3D(0, -0.577, 0.816, 0, 0.816, 0.577, -1, 0, 0, -0.01346079, 0.002951026, 0.0084393015)
bones/57/handle_offset = Vector2(0.81983423, 0.24583733)
bones/57/group = &"ALL"
bones/57/require = false
bones/58/bone_name = &"LEFT_THUMB_PROXIMAL"
bones/58/bone_parent = &"LEFT_THUMB_METACARPAL"
bones/58/tail_direction = 0
bones/58/reference_pose = Transform3D(0.99999994, 0, 0, 0, 0.9999999, 2.9802322e-08, 0, -2.9802322e-08, 0.9999999, -0.0017394493, 0.038944736, -0.003734037)
bones/58/handle_offset = Vector2(0.83710706, 0.2468516)
bones/58/group = &"ALL"
bones/58/require = false
bones/59/bone_name = &"LEFT_THUMB_DISTAL"
bones/59/bone_parent = &"LEFT_THUMB_PROXIMAL"
bones/59/tail_direction = 0
bones/59/reference_pose = Transform3D(1, 0, 0, 0, 1.0000001, 0, 0, 0, 1.0000001, -0.0008180421, 0.024036208, -0.001242712)
bones/59/handle_offset = Vector2(0.848125, 0.24732855)
bones/59/group = &"ALL"
bones/59/require = false
bones/60/bone_name = &"RIGHT_SHOULDER"
bones/60/bone_parent = &"UPPER_CHEST"
bones/60/tail_direction = 0
bones/60/reference_pose = Transform3D(0, -1, 0, 0, 0, 1, -1, 0, 0, -0.019856453, 0.094349645, -0.026754234)
bones/60/handle_offset = Vector2(0.48842245, 0.23581496)
bones/60/group = &"ALL"
bones/60/require = false
bones/61/bone_name = &"RIGHT_UPPER_ARM"
bones/61/bone_parent = &"RIGHT_SHOULDER"
bones/61/tail_direction = 0
bones/61/reference_pose = Transform3D(-1, 0, 0, 0, 1, 0, 0, 0, -1, 3.655812e-08, 0.0610706, -0.008749766)
bones/61/handle_offset = Vector2(0.45281446, 0.24091655)
bones/61/group = &"ALL"
bones/61/require = false
bones/62/bone_name = &"RIGHT_LOWER_ARM"
bones/62/bone_parent = &"RIGHT_UPPER_ARM"
bones/62/tail_direction = 0
bones/62/reference_pose = Transform3D(0, 0, 1, 0, 1, 0, -1, 0, 0, 1.2822426e-08, 0.24530494, 1.2651992e-07)
bones/62/handle_offset = Vector2(0.30978632, 0.24091664)
bones/62/group = &"ALL"
bones/62/require = false
bones/63/bone_name = &"RIGHT_HAND"
bones/63/bone_parent = &"RIGHT_LOWER_ARM"
bones/63/tail_direction = 0
bones/63/reference_pose = Transform3D(0, 0, -1, 0, 1, 0, 1, 0, 0, -1.2411212e-07, 0.21935886, 1.4379191e-05)
bones/63/handle_offset = Vector2(0.1818864, 0.24091673)
bones/63/group = &"ALL"
bones/63/require = false
bones/64/bone_name = &"RIGHT_INDEX_PROXIMAL"
bones/64/bone_parent = &"RIGHT_HAND"
bones/64/tail_direction = 0
bones/64/reference_pose = Transform3D(1, 0, 0, 0, 1, 0, 0, 0, 1, 0.01657517, 0.054839194, -0.0062233196)
bones/64/handle_offset = Vector2(0.1499117, 0.23728812)
bones/64/group = &"ALL"
bones/64/require = false
bones/65/bone_name = &"RIGHT_INDEX_INTERMEDIATE"
bones/65/bone_parent = &"RIGHT_INDEX_PROXIMAL"
bones/65/tail_direction = 0
bones/65/reference_pose = Transform3D(1, 0, 0, 0, 1, 0, 0, 0, 1, -0.0005449162, 0.027856207, -7.702095e-10)
bones/65/handle_offset = Vector2(0.13366976, 0.23728812)
bones/65/group = &"ALL"
bones/65/require = false
bones/66/bone_name = &"RIGHT_INDEX_DISTAL"
bones/66/bone_parent = &"RIGHT_INDEX_INTERMEDIATE"
bones/66/tail_direction = 0
bones/66/reference_pose = Transform3D(1, 0, 0, 0, 1, 0, 0, 0, 1, -0.00066530315, 0.017133761, 0.0004985615)
bones/66/handle_offset = Vector2(0.12367973, 0.23757878)
bones/66/group = &"ALL"
bones/66/require = false
bones/67/bone_name = &"RIGHT_LITTLE_PROXIMAL"
bones/67/bone_parent = &"RIGHT_HAND"
bones/67/tail_direction = 0
bones/67/reference_pose = Transform3D(1, 0, 0, 0, 1, 0, 0, 0, 1, -0.024601754, 0.051169395, -0.006223319)
bones/67/handle_offset = Vector2(0.15205145, 0.23728812)
bones/67/group = &"ALL"
bones/67/require = false
bones/68/bone_name = &"RIGHT_LITTLE_INTERMEDIATE"
bones/68/bone_parent = &"RIGHT_LITTLE_PROXIMAL"
bones/68/tail_direction = 0
bones/68/reference_pose = Transform3D(1, 0, 0, 0, 1, 0, 0, 0, 1, 1.4849762e-08, 0.02633226, 5.885717e-10)
bones/68/handle_offset = Vector2(0.13669807, 0.23728812)
bones/68/group = &"ALL"
bones/68/require = false
bones/69/bone_name = &"RIGHT_LITTLE_DISTAL"
bones/69/bone_parent = &"RIGHT_LITTLE_INTERMEDIATE"
bones/69/tail_direction = 0
bones/69/reference_pose = Transform3D(1, 0, 0, 0, 1, 0, 0, 0, 1, -2.9622936e-11, 0.015176415, 3.3921935e-10)
bones/69/handle_offset = Vector2(0.12784928, 0.23728812)
bones/69/group = &"ALL"
bones/69/require = false
bones/70/bone_name = &"RIGHT_MIDDLE_PROXIMAL"
bones/70/bone_parent = &"RIGHT_HAND"
bones/70/tail_direction = 0
bones/70/reference_pose = Transform3D(1, 0, 0, 0, 1, 0, 0, 0, 1, 0.001726083, 0.05558622, -0.006223319)
bones/70/handle_offset = Vector2(0.14947614, 0.23728812)
bones/70/group = &"ALL"
bones/70/require = false
bones/71/bone_name = &"RIGHT_MIDDLE_INTERMEDIATE"
bones/71/bone_parent = &"RIGHT_MIDDLE_PROXIMAL"
bones/71/tail_direction = 0
bones/71/reference_pose = Transform3D(1, 0, 0, 0, 1, 0, 0, 0, 1, -6.057579e-11, 0.031034172, 6.9366785e-10)
bones/71/handle_offset = Vector2(0.1313813, 0.23728812)
bones/71/group = &"ALL"
bones/71/require = false
bones/72/bone_name = &"RIGHT_MIDDLE_DISTAL"
bones/72/bone_parent = &"RIGHT_MIDDLE_INTERMEDIATE"
bones/72/tail_direction = 0
bones/72/reference_pose = Transform3D(1, 0, 0, 0, 1, 0, 0, 0, 1, -3.737031e-11, 0.019145548, 4.2793638e-10)
bones/72/handle_offset = Vector2(0.12021822, 0.23728812)
bones/72/group = &"ALL"
bones/72/require = false
bones/73/bone_name = &"RIGHT_RING_PROXIMAL"
bones/73/bone_parent = &"RIGHT_HAND"
bones/73/tail_direction = 0
bones/73/reference_pose = Transform3D(1, 0, 0, 0, 1, 0, 0, 0, 1, -0.011457843, 0.05495304, -0.006223319)
bones/73/handle_offset = Vector2(0.14984533, 0.23728812)
bones/73/group = &"ALL"
bones/73/require = false
bones/74/bone_name = &"RIGHT_RING_INTERMEDIATE"
bones/74/bone_parent = &"RIGHT_RING_PROXIMAL"
bones/74/tail_direction = 0
bones/74/reference_pose = Transform3D(1, 0, 0, 0, 1, 0, 0, 0, 1, -3.7309093e-08, 0.02878803, 6.434632e-10)
bones/74/handle_offset = Vector2(0.1330601, 0.23728812)
bones/74/group = &"ALL"
bones/74/require = false
bones/75/bone_name = &"RIGHT_RING_DISTAL"
bones/75/bone_parent = &"RIGHT_RING_INTERMEDIATE"
bones/75/tail_direction = 0
bones/75/reference_pose = Transform3D(1, 0, 0, 0, 1, 0, 0, 0, 1, -3.242819e-11, 0.016613603, 3.7134298e-10)
bones/75/handle_offset = Vector2(0.12337333, 0.23728812)
bones/75/group = &"ALL"
bones/75/require = false
bones/76/bone_name = &"RIGHT_THUMB_METACARPAL"
bones/76/bone_parent = &"RIGHT_HAND"
bones/76/tail_direction = 0
bones/76/reference_pose = Transform3D(0, 0.577, -0.816, 0, 0.816, 0.577, 1, 0, 0, 0.01346079, 0.002951026, 0.0084393015)
bones/76/handle_offset = Vector2(0.18016577, 0.24583733)
bones/76/group = &"ALL"
bones/76/require = false
bones/77/bone_name = &"RIGHT_THUMB_PROXIMAL"
bones/77/bone_parent = &"RIGHT_THUMB_METACARPAL"
bones/77/tail_direction = 0
bones/77/reference_pose = Transform3D(0.99999994, 0, 0, 0, 0.9999999, 2.9802322e-08, 0, -2.9802322e-08, 0.9999999, 0.0017394493, 0.038944736, -0.003734037)
bones/77/handle_offset = Vector2(0.16289291, 0.2468516)
bones/77/group = &"ALL"
bones/77/require = false
bones/78/bone_name = &"RIGHT_THUMB_DISTAL"
bones/78/bone_parent = &"RIGHT_THUMB_PROXIMAL"
bones/78/tail_direction = 0
bones/78/reference_pose = Transform3D(1, 0, 0, 0, 1.0000001, 0, 0, 0, 1.0000001, 0.0008180421, 0.024036208, -0.001242712)
bones/78/handle_offset = Vector2(0.15187505, 0.24732855)
bones/78/group = &"ALL"
bones/78/require = false
bones/79/bone_name = &"LEFT_UPPER_LEG"
bones/79/bone_parent = &"HIPS"
bones/79/tail_direction = 0
bones/79/reference_pose = Transform3D(-1, 0, 0, 0, -1, 0, 0, 0, 1, 0.06840891, -0.035507765, -0.0032640495)
bones/79/handle_offset = Vector2(0.53988665, 0.45794088)
bones/79/group = &"ALL"
bones/79/require = false
bones/80/bone_name = &"LEFT_SKIRT_BACK"
bones/80/bone_parent = &"LEFT_UPPER_LEG"
bones/80/tail_direction = 0
bones/80/reference_pose = Transform3D(0.93666416, 0.09984824, -0.3356935, 0.03771217, -0.98168063, -0.18676388, -0.3481918, 0.16227537, -0.9232709, 0.0017206594, 0.037902012, -0.099286765)
bones/80/handle_offset = Vector2(0.53888345, 0.4800401)
bones/80/group = &"ALL"
bones/80/require = false
bones/81/bone_name = &"LEFT_SKIRT_BACK_END"
bones/81/bone_parent = &"LEFT_SKIRT_BACK"
bones/81/tail_direction = 0
bones/81/reference_pose = Transform3D(1, 3.7252903e-09, 0, -1.4901161e-08, 1.0000002, -2.9802322e-08, 0, -2.9802322e-08, 0.99999976, 0.00065204845, -0.08289056, -0.0017297829)
bones/81/handle_offset = Vector2(0.54301447, 0.5276878)
bones/81/group = &"ALL"
bones/81/require = false
bones/82/bone_name = &"LEFT_SKIRT_FRONT"
bones/82/bone_parent = &"LEFT_UPPER_LEG"
bones/82/tail_direction = 0
bones/82/reference_pose = Transform3D(-0.98045874, 0.09020009, -0.17482753, -0.08993717, -0.9959024, -0.009442611, -0.17496292, 0.0064653996, 0.9845539, 0.006912168, 0.05415444, 0.10391429)
bones/82/handle_offset = Vector2(0.5358564, 0.48951632)
bones/82/group = &"ALL"
bones/82/require = false
bones/83/bone_name = &"LEFT_SKIRT_FRONT_END"
bones/83/bone_parent = &"LEFT_SKIRT_FRONT"
bones/83/tail_direction = 0
bones/83/reference_pose = Transform3D(1, -1.3038516e-08, 1.4901161e-08, 9.313226e-10, 0.99999994, 1.3969839e-09, 1.4901161e-08, -9.313226e-10, 1, -0.001143999, -0.089837365, -0.00036244091)
bones/83/handle_offset = Vector2(0.5398903, 0.5417445)
bones/83/group = &"ALL"
bones/83/require = false
bones/84/bone_name = &"LEFT_SKIRT_SIDE"
bones/84/bone_parent = &"LEFT_UPPER_LEG"
bones/84/tail_direction = 0
bones/84/reference_pose = Transform3D(0.19542445, 0.2726576, -0.9420546, -0.05966194, -0.9554913, -0.28892314, -0.9789023, 0.11266746, -0.17045909, -0.083666354, 0.037478697, 0.0029535098)
bones/84/handle_offset = Vector2(0.5886694, 0.47979328)
bones/84/group = &"ALL"
bones/84/require = false
bones/85/bone_name = &"LEFT_SKIRT_SIDE_END"
bones/85/bone_parent = &"LEFT_SKIRT_SIDE"
bones/85/tail_direction = 0
bones/85/reference_pose = Transform3D(0.9999998, -3.7252903e-08, 1.4901161e-08, 2.9802322e-08, 1.0000001, -4.4703484e-08, -2.9802322e-08, 3.7252903e-08, 0.99999976, -0.00028813654, -0.09160649, -0.003690571)
bones/85/handle_offset = Vector2(0.60123837, 0.53146005)
bones/85/group = &"ALL"
bones/85/require = false
bones/86/bone_name = &"LEFT_LOWER_LEG"
bones/86/bone_parent = &"LEFT_UPPER_LEG"
bones/86/tail_direction = 0
bones/86/reference_pose = Transform3D(-1, 0, 0, 0, 1, 0, 0, 0, -1, 7.450581e-09, 0.34308207, -0.007179676)
bones/86/handle_offset = Vector2(0.53988665, 0.6579792)
bones/86/group = &"ALL"
bones/86/require = false
bones/87/bone_name = &"LEFT_COAT_BACK"
bones/87/bone_parent = &"LEFT_LOWER_LEG"
bones/87/tail_direction = 0
bones/87/reference_pose = Transform3D(-0.9469125, -0.14803922, 0.2853795, 0.103033915, -0.98059225, -0.16680235, 0.30453423, -0.12854348, 0.9437878, 0.023675978, 0.12795344, 0.17663074)
bones/87/handle_offset = Vector2(0.55369127, 0.73258406)
bones/87/group = &"ALL"
bones/87/require = false
bones/88/bone_name = &"LEFT_COAT_BACK_END"
bones/88/bone_parent = &"LEFT_COAT_BACK"
bones/88/tail_direction = 0
bones/88/reference_pose = Transform3D(0.9999999, -2.6077032e-08, 2.9802322e-08, 5.2154064e-08, 1, -5.2154064e-08, 2.9802322e-08, 2.2351742e-08, 1.0000002, 0.011351327, -0.14073005, -0.00014382236)
bones/88/handle_offset = Vector2(0.5595474, 0.8137419)
bones/88/group = &"ALL"
bones/88/require = false
bones/89/bone_name = &"LEFT_COAT_FRONT"
bones/89/bone_parent = &"LEFT_LOWER_LEG"
bones/89/tail_direction = 0
bones/89/reference_pose = Transform3D(0.9684154, -0.09355457, 0.23112604, -0.08915191, -0.99558276, -0.029443666, 0.23285966, 0.007908374, -0.97247833, 0.016094342, 0.14801258, -0.1300394)
bones/89/handle_offset = Vector2(0.5492707, 0.74427974)
bones/89/group = &"ALL"
bones/89/require = false
bones/90/bone_name = &"LEFT_COAT_FRONT_END"
bones/90/bone_parent = &"LEFT_COAT_FRONT"
bones/90/tail_direction = 0
bones/90/reference_pose = Transform3D(0.9999998, 3.03844e-08, 1.4901161e-08, -1.9790605e-08, 0.99999994, -5.075708e-08, -1.4901161e-08, 5.401671e-08, 1, -0.004951893, -0.13991489, 0.0044676955)
bones/90/handle_offset = Vector2(0.5547088, 0.82567924)
bones/90/group = &"ALL"
bones/90/require = false
bones/91/bone_name = &"LEFT_COAT_SIDE_1"
bones/91/bone_parent = &"LEFT_LOWER_LEG"
bones/91/tail_direction = 0
bones/91/reference_pose = Transform3D(0.006120384, -0.1255178, 0.9920724, -0.07221126, -0.9895565, -0.12475392, 0.99737054, -0.07087527, -0.01512026, 0.12580714, -0.01989669, 0.00029329117)
bones/91/handle_offset = Vector2(0.6132401, 0.64637816)
bones/91/group = &"ALL"
bones/91/require = false
bones/92/bone_name = &"LEFT_COAT_SIDE_2"
bones/92/bone_parent = &"LEFT_COAT_SIDE_1"
bones/92/tail_direction = 0
bones/92/reference_pose = Transform3D(1.0000002, -1.4901161e-08, 2.3376197e-07, 2.9802322e-08, 1, -1.1059456e-08, -2.3469329e-07, 2.1304004e-08, 1, -0.0040312367, -0.15305655, 0.0010042504)
bones/92/handle_offset = Vector2(0.625008, 0.73478436)
bones/92/group = &"ALL"
bones/92/require = false
bones/93/bone_name = &"LEFT_COAT_SIDE_2_END"
bones/93/bone_parent = &"LEFT_COAT_SIDE_2"
bones/93/tail_direction = 0
bones/93/reference_pose = Transform3D(1, -7.450581e-09, 0, 7.450581e-09, 1.0000001, 1.17579475e-08, 0, 4.773028e-09, 1, -0.0035380516, -0.14047773, -0.001948504)
bones/93/handle_offset = Vector2(0.63414913, 0.81612694)
bones/93/group = &"ALL"
bones/93/require = false
bones/94/bone_name = &"LEFT_FOOT"
bones/94/bone_parent = &"LEFT_LOWER_LEG"
bones/94/tail_direction = 0
bones/94/reference_pose = Transform3D(-1, 0, 0, 0, 0, -1, 0, -1, 0, -7.4863434e-05, 0.3853274, 0.023267094)
bones/94/handle_offset = Vector2(0.539843, 0.8826492)
bones/94/group = &"ALL"
bones/94/require = false
bones/95/bone_name = &"LEFT_TOES"
bones/95/bone_parent = &"LEFT_FOOT"
bones/95/tail_direction = 0
bones/95/reference_pose = Transform3D(-1, 0, 0, 0, 1, 0, 0, 0, -1, 0, 0.10574293, -0.06023736)
bones/95/handle_offset = Vector2(0.539843, 0.9177713)
bones/95/group = &"ALL"
bones/95/require = false
bones/96/bone_name = &"RIGHT_UPPER_LEG"
bones/96/bone_parent = &"HIPS"
bones/96/tail_direction = 0
bones/96/reference_pose = Transform3D(-1, 0, 0, 0, -1, 0, 0, 0, 1, -0.06840891, -0.035507765, -0.0032640495)
bones/96/handle_offset = Vector2(0.46011332, 0.45794088)
bones/96/group = &"ALL"
bones/96/require = false
bones/97/bone_name = &"RIGHT_SKIRT_BACK"
bones/97/bone_parent = &"RIGHT_UPPER_LEG"
bones/97/tail_direction = 0
bones/97/reference_pose = Transform3D(0.93909585, -0.0766071, 0.33500853, -0.015038075, -0.98306376, -0.18264475, 0.34332654, 0.16648293, -0.92434365, -0.0017206222, 0.037902012, -0.09928676)
bones/97/handle_offset = Vector2(0.46111655, 0.4800401)
bones/97/group = &"ALL"
bones/97/require = false
bones/98/bone_name = &"RIGHT_SKIRT_BACK_END"
bones/98/bone_parent = &"RIGHT_SKIRT_BACK"
bones/98/tail_direction = 0
bones/98/reference_pose = Transform3D(0.99999976, -3.7252903e-09, -5.9604645e-08, 2.2351742e-08, 1.0000002, 0, 2.9802322e-08, -1.4901161e-08, 0.9999995, -0.00037942504, -0.08292907, -0.0016739367)
bones/98/handle_offset = Vector2(0.4579471, 0.5277556)
bones/98/group = &"ALL"
bones/98/require = false
bones/99/bone_name = &"RIGHT_SKIRT_FRONT"
bones/99/bone_parent = &"RIGHT_UPPER_LEG"
bones/99/tail_direction = 0
bones/99/reference_pose = Transform3D(-0.9807242, -0.08743273, 0.17474425, 0.0870361, -0.9961554, -0.009946944, 0.17494212, 0.0054538464, 0.9845636, -0.0070946515, 0.054174725, 0.10398338)
bones/99/handle_offset = Vector2(0.46424997, 0.48952812)
bones/99/group = &"ALL"
bones/99/require = false
bones/100/bone_name = &"RIGHT_SKIRT_FRONT_END"
bones/100/bone_parent = &"RIGHT_SKIRT_FRONT"
bones/100/tail_direction = 0
bones/100/reference_pose = Transform3D(0.99999994, -5.9371814e-09, 1.4901161e-08, 1.6298145e-08, 1.0000001, -6.0535967e-09, -1.4901161e-08, 5.122274e-09, 0.99999976, 0.0011064927, -0.08984374, -0.0003666505)
bones/100/handle_offset = Vector2(0.4603399, 0.5417695)
bones/100/group = &"ALL"
bones/100/require = false
bones/101/bone_name = &"RIGHT_SKIRT_SIDE"
bones/101/bone_parent = &"RIGHT_UPPER_LEG"
bones/101/tail_direction = 0
bones/101/reference_pose = Transform3D(0.19542445, -0.2726576, 0.9420546, 0.05966194, -0.9554913, -0.28892314, 0.9789023, 0.11266746, -0.17045909, 0.083666354, 0.037478577, 0.0029535068)
bones/101/handle_offset = Vector2(0.4113306, 0.47979322)
bones/101/group = &"ALL"
bones/101/require = false
bones/102/bone_name = &"RIGHT_SKIRT_END"
bones/102/bone_parent = &"RIGHT_SKIRT_SIDE"
bones/102/tail_direction = 0
bones/102/reference_pose = Transform3D(0.9999998, 3.7252903e-08, -1.4901161e-08, -2.9802322e-08, 1.0000001, -4.4703484e-08, 2.9802322e-08, 3.7252903e-08, 0.99999976, 0.0002880704, -0.09160619, -0.003690869)
bones/102/handle_offset = Vector2(0.39876187, 0.53145987)
bones/102/group = &"ALL"
bones/102/require = false
bones/103/bone_name = &"RIGHT_LOWER_LEG"
bones/103/bone_parent = &"RIGHT_UPPER_LEG"
bones/103/tail_direction = 0
bones/103/reference_pose = Transform3D(-1, 0, 0, 0, 1, 0, 0, 0, -1, -7.450581e-09, 0.34308207, -0.007179676)
bones/103/handle_offset = Vector2(0.46011335, 0.6579792)
bones/103/group = &"ALL"
bones/103/require = false
bones/104/bone_name = &"RIGHT_COAT_BACK"
bones/104/bone_parent = &"RIGHT_LOWER_LEG"
bones/104/tail_direction = 0
bones/104/reference_pose = Transform3D(-0.9469124, 0.14803922, -0.2853793, -0.10303391, -0.98059237, -0.16680235, -0.30453396, -0.12854353, 0.94378793, -0.023675963, 0.12795323, 0.17663069)
bones/104/handle_offset = Vector2(0.44630876, 0.7325839)
bones/104/group = &"ALL"
bones/104/require = false
bones/105/bone_name = &"RIGHT_COAT_BACK_END"
bones/105/bone_parent = &"RIGHT_COAT_BACK"
bones/105/tail_direction = 0
bones/105/reference_pose = Transform3D(0.9999999, -3.7252903e-09, 2.682209e-07, -3.7252903e-09, 0.9999998, -6.7055225e-08, -3.2782555e-07, 7.4505806e-08, 1.0000002, -0.011351318, -0.14072989, -0.00014379463)
bones/105/handle_offset = Vector2(0.4404526, 0.8137417)
bones/105/group = &"ALL"
bones/105/require = false
bones/106/bone_name = &"RIGHT_COAT_FRONT"
bones/106/bone_parent = &"RIGHT_LOWER_LEG"
bones/106/tail_direction = 0
bones/106/reference_pose = Transform3D(0.9684154, 0.09355457, -0.23112604, 0.08915191, -0.99558276, -0.029443666, -0.23285966, 0.007908374, -0.97247833, -0.016094312, 0.14801228, -0.1300394)
bones/106/handle_offset = Vector2(0.45072934, 0.7442796)
bones/106/group = &"ALL"
bones/106/require = false
bones/107/bone_name = &"RIGHT_COAT_FRONT_END"
bones/107/bone_parent = &"RIGHT_COAT_FRONT"
bones/107/tail_direction = 0
bones/107/reference_pose = Transform3D(0.9999998, -3.03844e-08, -1.4901161e-08, 1.9790605e-08, 0.99999994, -5.075708e-08, 1.4901161e-08, 5.401671e-08, 1, 0.0049518854, -0.13991494, 0.0044677104)
bones/107/handle_offset = Vector2(0.44529122, 0.8256791)
bones/107/group = &"ALL"
bones/107/require = false
bones/108/bone_name = &"RIGHT_COAT_SIDE_1"
bones/108/bone_parent = &"RIGHT_LOWER_LEG"
bones/108/tail_direction = 0
bones/108/reference_pose = Transform3D(0.006120384, 0.1255178, -0.9920724, 0.07221126, -0.9895565, -0.12475392, -0.99737054, -0.07087527, -0.01512026, -0.1258071, -0.01989693, 0.00029329758)
bones/108/handle_offset = Vector2(0.3867599, 0.64637804)
bones/108/group = &"ALL"
bones/108/require = false
bones/109/bone_name = &"RIGHT_COAT_SIDE_2"
bones/109/bone_parent = &"RIGHT_COAT_SIDE_1"
bones/109/tail_direction = 0
bones/109/reference_pose = Transform3D(1.0000002, 1.4901161e-08, -2.3376197e-07, -2.9802322e-08, 1, -1.1059456e-08, 2.3469329e-07, 2.1304004e-08, 1, 0.004031233, -0.15305655, 0.0010042504)
